0.000000,
0.385538,
0.711466,
0.927390,
0.999924,
0.917853,
0.693867,
0.362598,
-0.024734,
-0.408243,
-0.728630,
-0.936359,
-0.999312,
-0.907754,
-0.675843,
-0.339436,
0.049454,
0.430697,
0.745348,
0.944755,
0.998088,
0.897101,
0.657406,
0.316066,
-0.074143,
-0.452888,
-0.761610,
-0.952574,
-0.996254,
-0.885898,
-0.638567,
-0.292503,
0.098786,
0.474802,
0.777405,
0.959809,
0.993811,
0.874153,
0.619337,
0.268761,
-0.123370,
-0.496425,
-0.792725,
-0.966457,
-0.990759,
-0.861873,
-0.599728,
-0.244854,
0.147877,
0.517745,
0.807561,
0.972514,
0.987101,
0.849066,
0.579752,
0.220798,
-0.172295,
-0.538748,
-0.821901,
-0.977976,
-0.982839,
-0.835739,
-0.559421,
-0.196606,
0.196606,
0.559421,
0.835739,
0.982839,
0.977976,
0.821901,
0.538748,
0.172295,
-0.220798,
-0.579752,
-0.849066,
-0.987101,
-0.972514,
-0.807561,
-0.517745,
-0.147877,
0.244854,
0.599728,
0.861873,
0.990759,
0.966457,
0.792725,
0.496425,
0.123370,
-0.268761,
-0.619337,
-0.874153,
-0.993811,
-0.959809,
-0.777405,
-0.474802,
-0.098786,
0.292503,
0.638567,
0.885898,
0.996254,
0.952574,
0.761610,
0.452888,
0.074143,
-0.316066,
-0.657406,
-0.897101,
-0.998088,
-0.944755,
-0.745348,
-0.430697,
-0.049454,
0.339436,
0.675843,
0.907754,
0.999312,
0.936359,
0.728630,
0.408243,
0.024734,
-0.362598,
-0.693867,
-0.917853,
-0.999924,
-0.927390,
-0.711466,
-0.385538,
-0.000000,
