0.000000
-0.200521
0.003051
-0.124287
0.012804
-0.260639
0.031382
-0.425442
0.063760
-0.647364
0.122034
-0.989429
0.242363
-1.633877
0.597727
-3.444787
12.354520
-62.110367
-0.989594
4.406860
-0.558293
2.228829
-0.422169
1.525524
-0.356136
1.174023
-0.317493
0.961066
-0.292333
0.817016
-0.274769
0.712311
-0.261898
0.632277
-0.252112
0.568756
-0.244460
0.516868
-0.238343
0.473507
-0.233364
0.436593
-0.229243
0.404670
-0.225791
0.376710
-0.222871
0.351952
-0.220366
0.329801
-0.218211
0.309835
-0.216336
0.291695
-0.214696
0.275108
-0.213251
0.259847
-0.211975
0.245738
-0.210843
0.232629
-0.209823
0.220384
-0.208921
0.208921
-0.208104
0.198132
-0.207370
0.187949
-0.206707
0.178307
-0.206097
0.169139
-0.205551
0.160413
-0.205050
0.152076
-0.204603
0.144098
-0.204186
0.136432
-0.203807
0.129059
-0.203458
0.121948
-0.203141
0.115078
-0.202851
0.108426
-0.202589
0.101975
-0.202339
0.095699
-0.202112
0.089590
-0.201917
0.083637
-0.201720
0.077812
-0.201554
0.072117
-0.201399
0.066533
-0.201269
0.061054
-0.201144
0.055664
-0.201029
0.050355
-0.200924
0.045119
-0.200844
0.039952
-0.200758
0.034835
-0.200702
0.029771
-0.200642
0.024747
-0.200599
0.019757
-0.200564
0.014794
-0.200537
0.009852
-0.200522
0.004923
