0.000000,
0.650576,
1.076390,
1.138438,
0.836475,
0.309017,
-0.219661,
-0.525277,
-0.469303,
-0.051958,
0.587785,
1.225209,
1.635604,
1.680025,
1.358298,
0.809017,
0.256543,
-0.074750,
-0.046229,
0.341991,
0.951057,
1.556368,
1.933344,
1.943171,
1.585812,
1.000000,
0.410241,
0.041058,
0.031231,
0.380798,
0.951057,
1.517562,
1.855884,
1.827363,
1.432113,
0.809017,
0.182728,
-0.222088,
-0.266509,
0.049639,
0.587785,
1.123612,
1.432810,
1.376836,
0.955910,
0.309017,
-0.339095,
-0.763675,
-0.825723,
-0.524995,
0.000000,
0.524995,
0.825723,
0.763675,
0.339095,
-0.309017,
-0.955910,
-1.376836,
-1.432810,
-1.123612,
-0.587785,
-0.049639,
0.266509,
0.222088,
-0.182728,
-0.809017,
-1.432113,
-1.827363,
-1.855884,
-1.517562,
-0.951057,
-0.380798,
-0.031231,
-0.041058,
-0.410241,
-1.000000,
-1.585812,
-1.943171,
-1.933344,
-1.556368,
-0.951057,
-0.341991,
0.046229,
0.074750,
-0.256543,
-0.809017,
-1.358298,
-1.680025,
-1.635604,
-1.225209,
-0.587785,
0.051958,
0.469303,
0.525277,
0.219661,
-0.309017,
-0.836475,
-1.138438,
-1.076390,
-0.650576,
0.000000,
0.650576,
1.076390,
1.138438,
0.836475,
0.309017,
-0.219661,
-0.525277,
-0.469303,
-0.051958,
0.587785,
1.225209,
1.635604,
1.680025,
1.358298,
0.809017,
0.256543,
-0.074750,
-0.046229,
0.341991,
0.951057,
1.556368,
1.933344,
1.943171,
1.585812,
1.000000,
0.410241,
0.041058,
0.031231,
0.380798,
0.951057,
1.517562,
1.855884,
1.827363,
1.432113,
0.809017,
0.182728,
-0.222088,
-0.266509,
0.049639,
0.587785,
1.123612,
1.432810,
1.376836,
0.955910,
0.309017,
-0.339095,
-0.763675,
-0.825723,
-0.524995,
0.000000,
0.524995,
0.825723,
0.763675,
0.339095,
-0.309017,
-0.955910,
-1.376836,
-1.432810,
-1.123612,
-0.587785,
-0.049639,
0.266509,
0.222088,
-0.182728,
-0.809017,
-1.432113,
-1.827363,
-1.855884,
-1.517562,
-0.951057,
-0.380798,
-0.031231,
-0.041058,
-0.410241,
-1.000000,
-1.585812,
-1.943171,
-1.933344,
-1.556368,
-0.951057,
-0.341991,
0.046229,
0.074750,
-0.256543,
-0.809017,
-1.358298,
-1.680025,
-1.635604,
-1.225209,
-0.587785,
0.051958,
0.469303,
0.525277,
0.219661,
-0.309017,
-0.836475,
-1.138438,
-1.076390,
-0.650576,
0.000000,
0.650576,
1.076390,
1.138438,
0.836475,
0.309017,
-0.219661,
-0.525277,
-0.469303,
-0.051958,
0.587785,
1.225209,
1.635604,
1.680025,
1.358298,
0.809017,
0.256543,
-0.074750,
-0.046229,
0.341991,
0.951057,
1.556368,
1.933344,
1.943171,
1.585812,
1.000000,
0.410241,
0.041058,
0.031231,
0.380798,
0.951057,
1.517562,
1.855884,
1.827363,
1.432113,
0.809017,
0.182728,
-0.222088,
-0.266509,
0.049639,
0.587785,
1.123612,
1.432810,
1.376836,
0.955910,
0.309017,
-0.339095,
-0.763675,
-0.825723,
-0.524995,
0.000000,
0.524995,
0.825723,
0.763675,
0.339095,
-0.309017,
-0.955910,
-1.376836,
-1.432810,
-1.123612,
-0.587785,
-0.049639,
0.266509,
0.222088,
-0.182728,
-0.809017,
-1.432113,
-1.827363,
-1.855884,
-1.517562,
-0.951057,
-0.380798,
-0.031231,
-0.041058,
-0.410241,
-1.000000,
-1.585812,
-1.943171,
-1.933344,
-1.556368,
-0.951057,
-0.341991,
0.046229,
0.074750,
-0.256543,
-0.809017,
-1.358298,
-1.680025,
-1.635604,
-1.225209,
-0.587785,
0.051958,
0.469303,
0.525277,
0.219661,
-0.309017,
-0.836475,
-1.138438,
-1.076390,
-0.650576,
0.000000,
0.650576,
1.076390,
1.138438,
0.836475,
0.309017,
-0.219661,
-0.525277,
-0.469303,
-0.051958,
0.587785,
1.225209,
1.635604,
1.680025,
1.358298,
0.809017,
0.256543,
-0.074750,
-0.046229,
0.341991,
0.951057,
1.556368,
1.933344,
1.943171,
1.585812,
1.000000,
0.410241,
0.041058,
0.031231,
0.380798,
0.951057,
1.517562,
1.855884,
1.827363,
1.432113,
0.809017,
0.182728,
-0.222088,
-0.266509,
0.049639,
0.587785,
1.123612,
1.432810,
1.376836,
0.955910,
0.309017,
-0.339095,
-0.763675,
-0.825723,
-0.524995,
0.000000,
0.524995,
0.825723,
0.763675,
0.339095,
-0.309017,
-0.955910,
-1.376836,
-1.432810,
-1.123612,
-0.587785,
-0.049639,
0.266509,
0.222088,
-0.182728,
-0.809017,
-1.432113,
-1.827363,
-1.855884,
-1.517562,
-0.951057,
-0.380798,
-0.031231,
-0.041058,
-0.410241,
-1.000000,
-1.585812,
-1.943171,
-1.933344,
-1.556368,
-0.951057,
-0.341991,
0.046229,
0.074750,
-0.256543,
-0.809017,
-1.358298,
-1.680025,
-1.635604,
-1.225209,
-0.587785,
0.051958,
0.469303,
0.525277,
0.219661,
-0.309017,
-0.836475,
-1.138438,
-1.076390,
-0.650576,
0.000000,
0.650576,
1.076390,
1.138438,
0.836475,
0.309017,
-0.219661,
-0.525277,
-0.469303,
-0.051958,
0.587785,
1.225209,
1.635604,
1.680025,
1.358298,
0.809017,
0.256543,
-0.074750,
-0.046229,
0.341991,
0.951057,
1.556368,
1.933344,
1.943171,
1.585812,
1.000000,
0.410241,
0.041058,
0.031231,
0.380798,
0.951057,
1.517562,
1.855884,
1.827363,
1.432113,
0.809017,
0.182728,
-0.222088,
-0.266509,
0.049639,
0.587785,
1.123612,
1.432810,
1.376836,
0.955910,
0.309017,
-0.339095,
-0.763675,
-0.825723,
-0.524995,
-0.000000,
0.524995,
0.825723,
0.763675,
0.339095,
-0.309017,
-0.955910,
-1.376836,
-1.432810,
-1.123612,
-0.587785,
-0.049639,
0.266509,
0.222088,
-0.182728,
-0.809017,
-1.432113,
-1.827363,
-1.855884,
-1.517562,
-0.951057,
-0.380798,
-0.031231,
-0.041058,
-0.410241,
-1.000000,
-1.585812,
-1.943171,
-1.933344,
-1.556368,
-0.951057,
-0.341991,
0.046229,
0.074750,
-0.256543,
-0.809017,
-1.358298,
-1.680025,
-1.635604,
-1.225209,
-0.587785,
0.051958,
0.469303,
0.525277,
0.219661,
-0.309017,
-0.836475,
-1.138438,
-1.076390,
-0.650576,
0.000000,
0.650576,
1.076390,
1.138438,
0.836475,
0.309017,
-0.219661,
-0.525277,
-0.469303,
-0.051958,
0.587785,
1.225209,
1.635604,
1.680025,
1.358298,
0.809017,
0.256543,
-0.074750,
-0.046229,
0.341991,
0.951057,
1.556368,
1.933344,
1.943171,
1.585812,
1.000000,
0.410241,
0.041058,
0.031231,
0.380798,
0.951057,
1.517562,
1.855884,
1.827363,
1.432113,
0.809017,
0.182728,
-0.222088,
-0.266509,
0.049639,
0.587785,
1.123612,
1.432810,
1.376836,
0.955910,
0.309017,
-0.339095,
-0.763675,
-0.825723,
-0.524995,
0.000000,
0.524995,
0.825723,
0.763675,
0.339095,
-0.309017,
-0.955910,
-1.376836,
-1.432810,
-1.123612,
-0.587785,
-0.049639,
0.266509,
0.222088,
-0.182728,
-0.809017,
-1.432113,
-1.827363,
-1.855884,
-1.517562,
-0.951057,
-0.380798,
-0.031231,
-0.041058,
-0.410241,
-1.000000,
-1.585812,
-1.943171,
-1.933344,
-1.556368,
-0.951057,
-0.341991,
0.046229,
0.074750,
-0.256543,
-0.809017,
-1.358298,
-1.680025,
-1.635604,
-1.225209,
-0.587785,
0.051958,
0.469303,
0.525277,
0.219661,
-0.309017,
-0.836475,
-1.138438,
-1.076390,
-0.650576,
0.000000,
0.650576,
1.076390,
1.138438,
0.836475,
0.309017,
-0.219661,
-0.525277,
-0.469303,
-0.051958,
0.587785,
1.225209,
1.635604,
1.680025,
1.358298,
0.809017,
0.256543,
-0.074750,
-0.046229,
0.341991,
0.951057,
1.556368,
1.933344,
1.943171,
1.585812,
1.000000,
0.410241,
0.041058,
0.031231,
0.380798,
0.951057,
1.517562,
1.855884,
1.827363,
1.432113,
0.809017,
0.182728,
-0.222088,
-0.266509,
0.049639,
0.587785,
1.123612,
1.432810,
1.376836,
0.955910,
0.309017,
-0.339095,
-0.763675,
-0.825723,
-0.524995,
0.000000,
0.524995,
0.825723,
0.763675,
0.339095,
-0.309017,
-0.955910,
-1.376836,
-1.432810,
-1.123612,
-0.587785,
-0.049639,
0.266509,
0.222088,
-0.182728,
-0.809017,
-1.432113,
-1.827363,
-1.855884,
-1.517562,
-0.951057,
-0.380798,
-0.031231,
-0.041058,
-0.410241,
-1.000000,
-1.585812,
-1.943171,
-1.933344,
-1.556368,
-0.951057,
-0.341991,
0.046229,
0.074750,
-0.256543,
-0.809017,
-1.358298,
-1.680025,
-1.635604,
-1.225209,
-0.587785,
0.051958,
0.469303,
0.525277,
0.219661,
-0.309017,
-0.836475,
-1.138438,
-1.076390,
-0.650576,
0.000000,
0.650576,
1.076390,
1.138438,
0.836475,
0.309017,
-0.219661,
-0.525277,
-0.469303,
-0.051958,
0.587785,
1.225209,
1.635604,
1.680025,
1.358298,
0.809017,
0.256543,
-0.074750,
-0.046229,
0.341991,
0.951057,
1.556368,
1.933344,
1.943171,
1.585812,
1.000000,
0.410241,
0.041058,
0.031231,
0.380798,
0.951057,
1.517562,
1.855884,
1.827363,
1.432113,
0.809017,
0.182728,
-0.222088,
-0.266509,
0.049639,
0.587785,
1.123612,
1.432810,
1.376836,
0.955910,
0.309017,
-0.339095,
-0.763675,
-0.825723,
-0.524995,
-0.000000,
0.524995,
0.825723,
0.763675,
0.339095,
-0.309017,
-0.955910,
-1.376836,
-1.432810,
-1.123612,
-0.587785,
-0.049639,
0.266509,
0.222088,
-0.182728,
-0.809017,
-1.432113,
-1.827363,
-1.855884,
-1.517562,
-0.951057,
-0.380798,
-0.031231,
-0.041058,
-0.410241,
-1.000000,
-1.585812,
-1.943171,
-1.933344,
-1.556368,
-0.951057,
-0.341991,
0.046229,
0.074750,
-0.256543,
-0.809017,
-1.358298,
-1.680025,
-1.635604,
-1.225209,
-0.587785,
0.051958,
0.469303,
0.525277,
0.219661,
-0.309017,
-0.836475,
-1.138438,
-1.076390,
-0.650576,
0.000000,
0.650576,
1.076390,
1.138438,
0.836475,
0.309017,
-0.219661,
-0.525277,
-0.469303,
-0.051958,
0.587785,
1.225209,
1.635604,
1.680025,
1.358298,
0.809017,
0.256543,
-0.074750,
-0.046229,
0.341991,
0.951057,
1.556368,
1.933344,
1.943171,
1.585812,
1.000000,
0.410241,
0.041058,
0.031231,
0.380798,
0.951057,
1.517562,
1.855884,
1.827363,
1.432113,
0.809017,
0.182728,
-0.222088,
-0.266509,
0.049639,
0.587785,
1.123612,
1.432810,
1.376836,
0.955910,
0.309017,
-0.339095,
-0.763675,
-0.825723,
-0.524995,
-0.000000,
0.524995,
0.825723,
0.763675,
0.339095,
-0.309017,
-0.955910,
-1.376836,
-1.432810,
-1.123612,
-0.587785,
-0.049639,
0.266509,
0.222088,
-0.182728,
-0.809017,
-1.432113,
-1.827363,
-1.855884,
-1.517562,
-0.951057,
-0.380798,
-0.031231,
-0.041058,
-0.410241,
-1.000000,
-1.585812,
-1.943171,
-1.933344,
-1.556368,
-0.951057,
-0.341991,
0.046229,
0.074750,
-0.256543,
-0.809017,
-1.358298,
-1.680025,
-1.635604,
-1.225209,
-0.587785,
0.051958,
0.469303,
0.525277,
0.219661,
-0.309017,
-0.836475,
-1.138438,
-1.076390,
-0.650576,
-0.000000,
0.650576,
1.076390,
1.138438,
0.836475,
0.309017,
-0.219661,
-0.525277,
-0.469303,
-0.051958,
0.587785,
1.225209,
1.635604,
1.680025,
1.358298,
0.809017,
0.256543,
-0.074750,
-0.046229,
0.341991,
0.951057,
1.556368,
1.933344,
1.943171,
1.585812,
1.000000,
0.410241,
0.041058,
0.031231,
0.380798,
0.951057,
1.517562,
1.855884,
1.827363,
1.432113,
0.809017,
0.182728,
-0.222088,
-0.266509,
0.049639,
0.587785,
1.123612,
1.432810,
1.376836,
0.955910,
0.309017,
-0.339095,
-0.763675,
-0.825723,
-0.524995,
-0.000000,
0.524995,
0.825723,
0.763675,
0.339095,
-0.309017,
-0.955910,
-1.376836,
-1.432810,
-1.123612,
-0.587785,
-0.049639,
0.266509,
0.222088,
-0.182728,
-0.809017,
-1.432113,
-1.827363,
-1.855884,
-1.517562,
-0.951057,
-0.380798,
-0.031231,
-0.041058,
-0.410241,
-1.000000,
-1.585812,
-1.943171,
-1.933344,
-1.556368,
-0.951057,
-0.341991,
0.046229,
0.074750,
-0.256543,
-0.809017,
-1.358298,
-1.680025,
-1.635604,
-1.225209,
-0.587785,
0.051958,
0.469303,
0.525277,
0.219661,
-0.309017,
-0.836475,
-1.138438,
-1.076390,
-0.650576,
0.000000,
